2 4
3 6
4 8
5 8
6 12
7 12
8 12
9 15
10 16
11 16
12 16
13 18
14 20
15 24
16 24
17 24
18 24
19 24
20 28
21 27
22 32
23 30
24 48
25 32
26 32
27 32
28 36
29 36
30 36
31 42
32 40
33 40
34 48
35 48
36 48
37 45
38 48
39 48
40 48
41 48
42 48
43 54
44 60
45 54
46 56
47 54
48 60
49 63
50 60
51 60
52 60
53 63
54 64
55 64
56 64
57 64
58 64
59 70
60 72
61 72
62 72
63 72
64 72
65 72
66 84
67 80
68 80
69 81
70 80
71 80
72 80
73 81
74 84
75 88
76 96
77 90
78 96
79 90
80 108
81 90
82 96
83 96
84 96
85 96
86 96
87 96
88 96
89 96
90 100
91 110
92 112
93 105
94 108
95 108
96 108
97 117
98 108
99 108
100 108
101 112
102 112
103 120
104 120
105 120
106 120
107 120
108 120
109 120
110 120
111 120
112 152
113 125
114 228
115 126
116 128
117 128
118 128
119 128
120 128
121 128
122 140
123 144
124 140
125 135
126 156
127 140
128 140
129 144
130 144
131 144
132 144
133 144
134 144
135 144
136 144
137 150
138 156
139 150
140 156
141 162
142 192
143 160
144 168
145 160
146 160
147 160
148 176
149 160
150 160
151 160
152 176
153 162
154 168
155 168
156 168
157 168
158 176
159 184
160 176
161 175
162 176
163 180
164 180
165 180
166 180
167 190
168 180
169 180
170 180
171 192
172 192
173 189
174 348
175 192
176 192
177 189
178 192
179 192
180 192
181 192
182 192
183 192
184 192
185 200
186 216
187 216
188 200
189 200
190 208
191 208
192 208
193 210
194 216
195 210
196 216
197 210
198 216
199 216
200 216
201 216
202 216
203 216
204 216
205 216
206 216
207 216
208 224
209 224
210 240
211 224
212 224
213 224
214 248
215 234
216 240
217 234
218 240
219 240
220 240
221 240
222 240
223 240
224 240
225 240
226 240
227 240
228 240
229 240
230 240
231 264
232 252
233 243
234 252
235 252
236 252
237 250
238 252
239 252
240 252
241 260
242 256
243 256
244 256
245 256
246 256
247 256
248 256
249 264
250 272
251 270
252 272
253 270
254 280
255 270
256 288
257 270
258 312
259 270
260 280
261 280
262 280
263 280
264 288
265 288
266 280
267 280
268 288
269 288
270 288
271 288
272 288
273 288
274 288
275 288
276 288
277 288
278 288
279 288
280 300
281 297
282 300
283 306
284 300
285 306
286 300
287 300
288 300
289 308
290 308
291 312
292 312
293 312
294 312
295 312
296 320
297 315
298 320
299 320
300 324
301 315
302 320
303 324
304 320
305 320
306 320
307 320
308 320
309 320
310 320
311 330
312 324
313 324
314 324
315 336
316 336
317 336
318 336
319 342
320 336
321 336
322 336
323 336
324 336
325 343
326 352
327 352
328 396
329 350
330 384
331 350
332 352
333 351
334 360
335 350
336 352
337 352
338 360
339 360
340 360
341 360
342 360
343 360
344 360
345 360
346 360
347 360
348 360
349 360
350 468
351 378
352 380
353 375
354 408
355 378
356 380
357 384
358 392
359 378
360 384
361 375
362 384
363 378
364 384
365 378
366 384
367 384
368 384
369 384
370 384
371 384
372 384
373 384
374 384
375 384
376 392
377 392
378 396
379 396
380 396
381 405
382 420
383 400
384 400
385 405
386 400
387 400
388 400
389 405
390 420
391 432
392 420
393 405
394 416
395 416
396 420
397 416
398 416
399 416
400 420
401 425
402 420
403 432
404 420
405 420
406 420
407 432
408 432
409 432
410 432
411 432
412 432
413 432
414 432
415 432
416 432
417 432
418 432
419 432
420 432
421 432
422 432
423 440
424 448
425 441
426 448
427 450
428 448
429 448
430 448
431 448
432 448
433 448
434 448
435 448
436 448
437 450
438 468
439 504
440 588
441 462
442 484
443 462
444 888
445 468
446 468
447 480
448 468
449 468
450 468
451 476
452 476
453 480
454 480
455 480
456 480
457 480
458 480
459 480
460 480
461 480
462 480
463 480
464 480
465 480
466 480
467 480
468 480
469 480
470 500
471 486
472 504
473 486
474 528
475 486
476 504
477 495
478 500
479 504
480 504
481 504
482 500
483 504
484 504
485 500
486 500
487 504
488 504
489 504
490 504
491 504
492 512
493 525
494 512
495 512
496 512
497 512
498 512
499 512
500 512
501 512
502 512
503 512
504 528
505 528
506 528
507 540
508 528
509 525
510 528
511 528
512 528
513 540
514 540
515 540
516 540
517 539
518 540
519 540
520 540
521 540
522 540
523 540
524 540
525 546
526 540
527 540
528 540
529 575
530 576
531 550
532 560
533 560
534 588
535 560
536 560
537 567
538 560
539 560
540 560
541 560
542 560
543 570
544 560
545 560
546 560
547 572
548 572
549 567
550 576
551 576
552 576
553 567
554 576
555 576
556 576
557 576
558 576
559 576
560 576
561 576
562 576
563 576
564 576
565 576
566 576
567 594
568 600
569 595
570 588
571 588
572 588
573 594
574 600
575 594
576 600
577 594
578 600
579 600
580 600
581 600
582 600
583 600
584 600
585 600
586 600
587 600
588 612
589 612
590 612
591 616
592 624
593 616
594 624
595 624
596 616
597 616
598 624
599 624
600 624
601 630
602 624
603 624
604 624
605 624
606 624
607 630
608 644
609 625
610 648
611 630
612 640
613 630
614 640
615 630
616 640
617 640
618 640
619 648
620 640
621 640
622 640
623 640
624 640
625 640
626 640
627 640
628 640
629 640
630 648
631 648
632 648
633 648
634 648
635 648
636 648
637 648
638 660
639 672
640 660
641 660
642 660
643 672
644 680
645 672
646 672
647 672
648 672
649 672
650 672
651 672
652 672
653 672
654 672
655 672
656 672
657 672
658 672
659 672
660 684
661 675
662 696
663 696
664 720
665 700
666 720
667 686
668 700
669 693
670 720
671 700
672 720
673 693
674 700
675 720
676 700
677 702
678 700
679 702
680 700
681 702
682 720
683 700
684 700
685 704
686 704
687 704
688 704
689 714
690 720
691 720
692 720
693 720
694 720
695 720
696 720
697 720
698 720
699 720
700 720
701 720
702 720
703 720
704 720
705 720
706 720
707 720
708 720
709 729
710 748
711 750
712 780
713 729
714 768
715 750
716 756
717 729
718 756
719 748
720 748
721 756
722 756
723 750
724 756
725 756
726 756
727 750
728 756
729 756
730 756
731 750
732 756
733 750
734 756
735 750
736 756
737 756
738 756
739 768
740 756
741 756
742 756
743 768
744 768
745 768
746 768
747 768
748 768
749 768
750 768
751 768
752 768
753 768
754 768
755 768
756 768
757 768
758 768
759 780
760 780
761 784
762 784
763 792
764 784
765 792
766 784
767 784
768 784
769 798
770 792
771 792
772 792
773 792
774 792
775 792
776 800
777 810
778 800
779 800
780 840
781 800
782 800
783 800
784 840
785 800
786 800
787 800
788 816
789 810
790 816
791 810
792 816
793 810
794 816
795 810
796 828
797 810
798 828
799 828
800 828
801 832
802 832
803 832
804 840
805 825
806 832
807 840
808 840
809 832
810 832
811 832
812 832
813 832
814 832
815 840
816 840
817 840
818 840
819 840
820 840
821 840
822 840
823 840
824 840
825 840
826 884
827 864
828 864
829 855
830 864
831 858
832 864
833 858
834 864
835 864
836 864
837 864
838 864
839 864
840 864
841 864
842 864
843 864
844 864
845 864
846 864
847 864
848 864
849 864
850 864
851 864
852 864
853 864
854 880
855 882
856 896
857 875
858 880
859 882
860 880
861 880
862 880
863 882
864 896
865 882
866 896
867 912
868 896
869 891
870 900
871 896
872 896
873 891
874 896
875 896
876 896
877 896
878 896
879 896
880 896
881 896
882 896
883 896
884 900
885 900
886 900
887 910
888 912
889 918
890 920
891 918
892 924
893 918
894 924
895 918
896 924
897 924
898 924
899 936
900 936
901 931
902 924
903 924
904 924
905 935
906 960
907 950
908 936
909 936
910 936
911 952
912 936
913 936
914 936
915 936
916 936
917 936
918 960
919 950
920 952
921 945
922 960
923 950
924 960
925 945
926 952
927 952
928 960
929 945
930 960
931 960
932 960
933 960
934 960
935 960
936 960
937 960
938 960
939 960
940 960
941 960
942 960
943 960
944 960
945 960
946 960
947 960
948 960
949 972
950 972
951 972
952 972
953 972
954 972
955 972
956 972
957 990
958 972
959 972
960 972
961 980
962 980
963 990
964 1000
965 1000
966 1164
967 990
968 1000
969 990
970 1008
971 990
972 1000
973 1000
974 1008
975 1008
976 1008
977 1000
978 1008
979 1008
980 1000
981 1000
982 1008
983 1008
984 1000
985 1000
986 1008
987 1008
988 1008
989 1008
990 1008
991 1008
992 1008
993 1008
994 1008
995 1020
996 1020
997 1026
998 1024
999 1024
1000 1024
1001 1024
1002 1024
1003 1024
1004 1024
1005 1024
1006 1024
1007 1024
1008 1024
1009 1024
1010 1024
1011 1024
1012 1024
1013 1024
1014 1024
1015 1040
1016 1040
1017 1050
1018 1040
1019 1040
1020 1040
1021 1050
1022 1056
1023 1056
1024 1080
1025 1050
1026 1056
1027 1050
1028 1056
1029 1050
1030 1064
1031 1050
1032 1056
1033 1050
1034 1056
1035 1056
1036 1056
1037 1056
1038 1056
1039 1056
1040 1080
1041 1071
1042 1080
1043 1080
1044 1080
1045 1071
1046 1080
1047 1080
1048 1080
1049 1078
1050 1080
1051 1080
1052 1080
1053 1080
1054 1080
1055 1078
1056 1080
1057 1080
1058 1080
1059 1080
1060 1080
1061 1080
1062 1080
1063 1080
1064 1080
1065 1080
1066 1080
1067 1080
1068 1092
1069 1092
1070 1092
1071 1188
1072 1100
1073 1104
1074 1104
1075 1104
1076 1100
1077 1120
1078 1116
1079 1100
1080 1100
1081 1120
1082 1120
1083 1122
1084 1152
1085 1120
1086 1100
1087 1134
1088 1120
1089 1125
1090 1120
1091 1120
1092 1120
1093 1122
1094 1120
1095 1120
1096 1140
1097 1120
1098 1120
1099 1120
1100 1120
1101 1120
